comp100105_c1_seq1	sp|P18756|ETS1B_XENLA	85.71	126	18	0	402	25	143	268	2e-73	233
comp100108_c1_seq1	sp|Q9U943|APLP_LOCMI	32.45	413	227	9	4	1104	514	920	3e-59	214
comp100141_c0_seq1	sp|O95847|UCP4_HUMAN	59.49	158	64	0	3	476	166	323	1e-65	211
comp100440_c0_seq1	sp|Q9JJW0|PXMP4_MOUSE	57.79	199	81	1	1	597	15	210	2e-77	239
comp100540_c0_seq1	sp|Q8N4P3|MESH1_HUMAN	64.96	137	48	0	541	131	43	179	4e-59	189
comp100564_c0_seq1	sp|Q3U2S4|OTUD5_MOUSE	64.34	258	84	2	411	1166	159	414	5e-115	356
comp100564_c0_seq2	sp|Q2YDU3|OTUD5_RAT	49.64	417	170	8	411	1601	159	555	9e-120	376
comp100581_c0_seq1	sp|O35099|M3K5_MOUSE	71.01	138	40	0	414	1	674	811	1e-61	210
comp100646_c0_seq1	sp|Q6A8N5|LGT_PROAC	100.00	131	0	0	1	393	166	296	4e-89	268
comp100646_c0_seq2	sp|Q6A8N5|LGT_PROAC	99.04	104	1	0	9	320	193	296	1e-67	212
comp100661_c1_seq1	sp|Q8BPB0|MOB1B_MOUSE	88.14	194	23	0	139	720	1	194	2e-131	377
comp100741_c0_seq1	sp|Q6IP59|CTL2_XENLA	64.12	262	94	0	797	12	444	705	2e-104	325
comp100792_c0_seq1	sp|Q8IWF2|FXRD2_HUMAN	50.86	232	113	1	2	694	394	625	1e-74	246
comp100792_c1_seq1	sp|Q8IWF2|FXRD2_HUMAN	48.22	197	89	3	557	3	140	335	2e-54	188
comp100839_c0_seq1	sp|Q7TSH2|KPBB_MOUSE	63.23	155	57	0	1	465	239	393	2e-64	217
comp100903_c0_seq2	sp|Q9UPR0|PLCL2_HUMAN	44.75	219	118	2	657	1	100	315	3e-56	199
comp100926_c0_seq1	sp|Q9WTQ1|KPCD1_RAT	69.05	126	39	0	603	226	76	201	3e-58	201
comp101065_c0_seq1	sp|Q923Q2|STA13_MOUSE	46.85	222	112	2	656	3	801	1020	3e-65	223
comp101065_c0_seq2	sp|Q923Q2|STA13_MOUSE	46.79	218	110	2	669	28	801	1016	1e-62	216
comp101105_c0_seq1	sp|Q96AY4|TTC28_HUMAN	73.44	128	34	0	384	1	207	334	2e-57	198
comp101146_c0_seq1	sp|Q01063|PDE4D_MOUSE	61.99	221	70	3	91	750	272	479	2e-85	275
comp101146_c0_seq2	sp|Q8IRU4|PDE4E_DROME	60.74	242	84	4	1	693	161	402	1e-97	305
comp101146_c1_seq1	sp|Q08499|PDE4D_HUMAN	70.42	213	61	1	2	640	537	747	4e-97	314
comp101173_c0_seq1	sp|Q3UPY5|GLBL2_MOUSE	47.67	193	96	1	581	3	141	328	9e-54	186
comp101197_c1_seq1	sp|Q9VCY8|ADRL_DROME	67.14	213	70	0	667	29	223	435	9e-99	301
comp101203_c0_seq1	sp|Q922Q5|S35B3_MOUSE	63.82	152	53	1	49	504	56	205	7e-63	204
comp101203_c0_seq2	sp|Q922Q5|S35B3_MOUSE	56.50	200	81	1	23	604	6	205	2e-73	233
comp101271_c2_seq1	sp|P08510|KCNAS_DROME	75.96	208	34	2	338	913	302	509	3e-112	251
comp101296_c1_seq1	sp|Q803V5|LST8_DANRE	72.45	196	54	0	600	13	57	252	9e-100	298
comp101296_c1_seq2	sp|Q803V5|LST8_DANRE	69.06	223	62	1	650	3	57	279	3e-107	318
comp101356_c0_seq1	sp|Q5IGR8|EXT1A_DANRE	61.24	498	186	3	23	1516	238	728	0.0	647
comp101400_c1_seq1	sp|Q28DB5|ALAT2_XENTR	55.46	229	100	2	98	781	38	265	8e-84	266
comp101490_c0_seq1	sp|Q5ZIJ9|MIB2_CHICK	41.97	305	152	7	5	910	29	311	4e-73	247
comp101526_c0_seq1	sp|Q8IW35|CEP97_HUMAN	64.66	133	47	0	476	78	111	243	1e-55	191
comp101526_c0_seq2	sp|Q8IW35|CEP97_HUMAN	66.67	141	47	0	424	2	111	251	5e-62	208
comp101645_c0_seq1	sp|Q5RF84|UB2G2_PONAB	86.92	107	14	0	5	325	14	120	1e-65	202
comp101656_c1_seq1	sp|Q99P21|MUTYH_MOUSE	62.35	162	55	3	23	496	52	211	7e-61	202
comp101777_c0_seq1	sp|Q5RAS7|AMMR1_PONAB	75.00	140	35	0	124	543	125	264	1e-74	234
comp101777_c0_seq2	sp|Q5RAS7|AMMR1_PONAB	72.02	193	54	0	124	702	125	317	5e-103	310
comp101801_c0_seq2	sp|Q9JK24|P2R3C_MOUSE	70.33	246	66	2	121	837	1	246	6e-107	325
comp101817_c0_seq1	sp|D3ZQG6|TRIM2_RAT	77.27	154	35	0	570	109	591	744	2e-81	262
comp101841_c0_seq1	sp|Q9VX32|RG190_DROME	47.69	411	207	5	1223	3	2	408	6e-118	382
comp101903_c0_seq1	sp|O42412|IOD3_CHICK	41.50	200	116	1	675	79	57	256	3e-53	179
comp101909_c0_seq1	sp|Q6A7F4|SYV_PROAC	100.00	85	0	0	2	256	207	291	9e-53	180
comp101927_c2_seq1	sp|Q5TCY1|TTBK1_HUMAN	80.91	110	21	0	332	3	47	156	3e-56	196
comp101964_c0_seq1	sp|Q9HCU4|CELR2_HUMAN	40.81	321	184	4	1	954	448	765	2e-70	244
comp102043_c0_seq1	sp|Q8CCB4|VPS53_MOUSE	77.52	129	29	0	39	425	15	143	5e-52	180
comp102058_c0_seq2	sp|Q5THJ4|VP13D_HUMAN	50.00	188	93	1	2	562	1901	2088	5e-55	196
comp102199_c0_seq1	sp|Q6A763|DPO4_PROAC	100.00	106	0	0	2	319	206	311	1e-66	213
comp102288_c0_seq1	sp|P02556|TBB_LYTPI	92.52	107	8	0	1	321	55	161	7e-72	219
comp102288_c1_seq1	sp|P41937|TBB4_CAEEL	95.40	87	4	0	2	262	185	271	6e-77	184
comp102288_c2_seq1	sp|O44388|TBB_TRITR	90.12	172	17	0	1	516	17	188	6e-95	289
comp102288_c2_seq2	sp|O44388|TBB_TRITR	92.48	133	10	0	63	461	56	188	1e-68	220
comp102313_c0_seq1	sp|Q2KHS5|MOG2A_XENLA	46.12	219	115	2	3	653	118	335	9e-66	214
comp102323_c2_seq1	sp|Q0II59|PDXK_BOVIN	56.35	252	94	7	715	2	30	279	2e-86	266
comp102323_c2_seq2	sp|Q0II59|PDXK_BOVIN	56.22	249	93	7	726	22	30	276	5e-85	263
comp102328_c0_seq1	sp|Q5CZL1|GDAP2_XENTR	46.53	245	119	2	34	768	184	416	3e-64	214
comp102414_c0_seq1	sp|Q7ZW86|CWC27_DANRE	71.76	170	47	1	1	507	38	207	2e-70	226
comp102417_c0_seq1	sp|Q8N357|S35F6_HUMAN	51.11	225	103	4	1	666	147	367	5e-64	211
comp102443_c0_seq1	sp|Q5R5F8|PANK4_PONAB	53.05	279	128	3	3	836	492	768	6e-94	300
comp102491_c0_seq1	sp|Q9Y217|MTMR6_HUMAN	68.85	122	38	0	366	1	143	264	2e-55	187
comp102523_c0_seq1	sp|Q6PGH0|UBTD2_MOUSE	62.11	227	78	3	48	716	1	223	8e-95	286
comp102560_c0_seq1	sp|A7MB11|TGFA1_BOVIN	45.99	274	147	1	1	822	578	850	4e-79	265
comp102561_c0_seq1	sp|Q7Z7G8|VP13B_HUMAN	70.24	84	25	0	6	257	3619	3702	9e-59	129
comp102745_c0_seq1	sp|Q7PPU9|BND7A_ANOGA	82.35	170	30	0	1	510	97	266	8e-77	237
comp102812_c0_seq2	sp|Q8VCR2|DHB13_MOUSE	41.04	251	146	1	69	821	19	267	3e-64	213
comp102833_c0_seq1	sp|E7FAM5|LIN41_DANRE	78.68	136	29	0	3	410	562	697	4e-74	241
comp102833_c1_seq1	sp|Q1PSW8|LIN41_MOUSE	81.89	127	23	0	562	182	722	848	5e-66	222
comp102914_c0_seq2	sp|Q58EX7|PKHG4_HUMAN	54.84	186	82	2	2	556	904	1088	1e-58	210
comp102917_c0_seq1	sp|Q6P1Z5|PED1A_MOUSE	47.25	218	113	1	827	180	61	278	5e-76	244
comp103222_c0_seq1	sp|O02695|PTPR2_MACNE	81.58	190	35	0	728	159	824	1013	3e-108	341
comp103222_c0_seq2	sp|O02695|PTPR2_MACNE	77.14	105	24	0	322	8	824	928	3e-54	186
comp103246_c1_seq1	sp|Q99PV3|MKLN1_RAT	59.04	166	61	3	528	52	340	505	3e-60	204
comp103276_c1_seq1	sp|Q86UX6|ST32C_HUMAN	74.78	115	29	0	2	346	145	259	4e-61	200
comp103293_c0_seq1	sp|Q3TTA7|CBLB_MOUSE	77.81	365	79	1	1406	318	70	434	0.0	612
comp103293_c0_seq3	sp|P23092|CBL_MLVCN	73.93	211	55	0	650	18	110	320	2e-114	338
comp103336_c1_seq2	sp|Q5PU49|KPCD_CANFA	44.92	236	125	4	15	719	4	235	6e-66	222
comp103336_c1_seq4	sp|Q5PU49|KPCD_CANFA	43.84	219	118	4	15	668	4	218	4e-58	200
comp103390_c0_seq1	sp|Q3MHG0|COG4_BOVIN	58.24	182	75	1	546	1	112	292	4e-66	221
comp103523_c0_seq1	sp|Q9Y6F1|PARP3_HUMAN	46.49	271	132	4	82	870	105	370	4e-61	208
comp103523_c0_seq2	sp|Q9Y6F1|PARP3_HUMAN	47.11	329	158	6	196	1149	47	370	2e-76	252
comp103578_c0_seq1	sp|O95954|FTCD_HUMAN	66.04	212	72	0	654	19	109	320	8e-104	317
comp103578_c0_seq2	sp|O88618|FTCD_RAT	63.01	246	90	1	799	65	109	354	1e-110	337
comp103578_c0_seq3	sp|Q9YH58|FTCD_CHICK	62.65	340	126	1	1018	2	111	450	3e-131	392
comp103578_c0_seq4	sp|Q91XD4|FTCD_MOUSE	73.02	126	34	0	400	23	109	234	3e-61	202
comp103927_c0_seq1	sp|Q5SYL3|K0100_MOUSE	44.00	250	138	2	745	2	823	1072	4e-57	202
comp104030_c0_seq2	sp|Q3UQ28|PXDN_MOUSE	51.87	214	101	1	2	637	1131	1344	6e-71	242
comp104255_c0_seq1	sp|Q9Y5B0|CTDP1_HUMAN	62.09	153	54	3	19	474	207	356	6e-57	197
comp104255_c0_seq2	sp|Q9Y5B0|CTDP1_HUMAN	56.27	279	116	5	162	989	81	356	1e-85	285
comp104309_c1_seq1	sp|Q96JN8|NEUL4_HUMAN	64.86	148	52	0	446	3	47	194	5e-57	197
comp104447_c0_seq1	sp|P91620|SIF2_DROME	57.14	245	100	3	854	120	1547	1786	3e-81	274
comp104635_c0_seq1	sp|P36609|NCS2_CAEEL	65.89	129	44	0	91	477	1	129	2e-58	187
comp104761_c0_seq1	sp|Q8R104|SIR3_MOUSE	68.18	154	48	1	28	489	55	207	6e-73	228
comp104770_c0_seq1	sp|Q3USZ8|DIA1_MOUSE	46.85	222	110	3	9	671	211	425	2e-62	210
comp104841_c1_seq1	sp|P97784|CRY1_MOUSE	78.18	110	24	0	42	371	4	113	1e-56	191
comp104865_c0_seq1	sp|Q96BY7|ATG2B_HUMAN	59.69	196	67	4	2	553	1822	2017	7e-67	228
comp104868_c0_seq1	sp|O08688|CAN5_MOUSE	49.49	198	92	4	8	577	202	399	4e-59	201
comp104902_c0_seq3	sp|Q8TE73|DYH5_HUMAN	47.00	200	106	0	3	602	532	731	1e-59	209
comp104973_c1_seq1	sp|Q14AM7|CP072_MOUSE	48.03	229	96	7	34	681	57	275	1e-56	188
comp105017_c0_seq1	sp|G5ED84|KLHL8_CAEEL	65.38	182	62	1	58	600	479	660	2e-70	239
comp105247_c0_seq1	sp|Q5ZL38|SGF29_CHICK	77.42	155	34	1	489	25	140	293	7e-85	259
comp105247_c0_seq2	sp|Q96ES7|SGF29_HUMAN	70.98	286	73	2	855	25	9	293	7e-147	423
comp105287_c0_seq1	sp|P46825|KLC_DORPE	76.32	114	27	0	343	2	40	153	1e-52	180
comp105350_c0_seq1	sp|Q7Z392|TPC11_HUMAN	42.49	233	128	2	704	12	874	1102	7e-58	203
comp105779_c0_seq1	sp|Q96IP4|FA46A_HUMAN	64.04	267	90	4	106	906	65	325	3e-114	344
comp105824_c0_seq1	sp|Q5ZHV7|SPRY7_CHICK	57.53	146	60	1	4	435	17	162	3e-60	191
comp105829_c0_seq1	sp|Q9QYP0|MEGF8_RAT	42.45	245	134	4	731	3	57	296	2e-53	192
comp105872_c0_seq2	sp|A6NEE1|PLHD1_HUMAN	36.23	276	173	2	867	49	2	277	1e-59	204
comp105956_c1_seq1	sp|Q91880|SUH_XENLA	89.04	219	24	0	3	659	237	455	2e-124	370
comp106074_c1_seq1	sp|P29074|PTN4_HUMAN	58.43	178	67	3	526	2	578	751	5e-53	185
comp106139_c0_seq1	sp|Q9UIC8|LCMT1_HUMAN	49.71	175	87	1	38	559	160	334	2e-57	191
comp106156_c0_seq3	sp|P59722|EGLN1_RAT	56.36	220	95	1	1304	648	112	331	8e-87	276
comp106245_c0_seq1	sp|Q9W5D0|Y34F_DROME	47.96	319	142	4	2	889	1191	1508	3e-83	280
comp106245_c0_seq2	sp|Q00IB7|PKHH1_DANRE	57.89	152	64	0	16	471	1031	1182	3e-55	192
comp106286_c0_seq1	sp|Q5RC19|ACOX1_PONAB	46.79	280	144	3	37	867	1	278	2e-82	267
comp106318_c0_seq1	sp|Q9NU22|MDN1_HUMAN	62.11	446	163	3	1331	3	1159	1601	4e-178	561
comp106318_c0_seq2	sp|Q9NU22|MDN1_HUMAN	76.79	112	26	0	10	345	1054	1165	2e-55	192
comp106318_c1_seq1	sp|Q9NU22|MDN1_HUMAN	60.00	155	61	1	465	1	903	1056	2e-58	202
comp106326_c0_seq1	sp|Q6A8I8|SYA_PROAC	100.00	124	0	0	1	372	678	801	7e-75	244
comp106352_c0_seq1	sp|O14733|MP2K7_HUMAN	87.42	159	20	0	1	477	213	371	2e-99	299
comp106358_c0_seq1	sp|Q9Y2G0|EFR3B_HUMAN	59.88	172	64	2	3	503	118	289	7e-69	228
comp106361_c1_seq1	sp|Q5RDJ7|CLCN3_PONAB	65.96	141	47	1	429	10	173	313	8e-60	202
comp106403_c0_seq2	sp|Q9XTA5|HIF1A_BOVIN	43.01	279	124	5	814	5	24	276	4e-69	235
comp106446_c0_seq3	sp|P07207|NOTCH_DROME	53.77	504	228	3	1	1509	339	838	2e-167	530
comp106478_c1_seq1	sp|P70353|NFYC_MOUSE	78.12	128	27	1	450	67	12	138	2e-64	207
comp106509_c0_seq1	sp|Q9W734|SMAD6_CHICK	47.06	340	161	7	223	1230	107	431	2e-93	296
comp106528_c0_seq1	sp|A5WUL3|MED22_DANRE	71.32	136	39	0	56	463	2	137	1e-61	197
comp106614_c0_seq2	sp|P97878|EXOC5_RAT	47.57	206	99	4	614	6	263	462	3e-57	197
comp106639_c0_seq1	sp|O08700|VPS45_RAT	69.83	232	70	0	825	130	316	547	4e-112	342
comp106737_c0_seq1	sp|P23098|DYHC_TRIGR	52.98	168	74	1	26	514	520	687	4e-53	188
comp106737_c0_seq2	sp|P23098|DYHC_TRIGR	52.49	221	100	1	2	649	467	687	2e-73	249
comp106737_c1_seq1	sp|P39057|DYHC_HELCR	61.07	375	139	1	1109	6	97	471	4e-150	477
comp106737_c1_seq2	sp|P39057|DYHC_HELCR	59.79	286	115	0	863	6	186	471	2e-129	358
comp106838_c1_seq1	sp|F1R4Y7|CEP83_DANRE	35.99	339	214	2	1013	6	8	346	9e-66	226
comp106916_c0_seq1	sp|Q9VT65|CANB_DROME	52.40	271	113	7	3	809	246	502	3e-88	287
comp106980_c2_seq1	sp|Q6A8Q7|GLGB_PROAC	100.00	87	0	0	263	3	408	494	4e-54	182
comp106996_c1_seq1	sp|A2ATU0|DHTK1_MOUSE	51.45	173	84	0	536	18	343	515	6e-60	204
comp107007_c0_seq3	sp|Q9VEX0|SULF1_DROME	56.08	148	63	1	452	15	269	416	2e-54	189
comp107017_c1_seq1	sp|Q14164|IKKE_HUMAN	55.50	191	82	2	2	571	126	314	3e-69	229
comp107031_c0_seq2	sp|Q9JJ31|CUL5_RAT	79.17	336	69	1	15	1019	445	780	0.0	558
comp107031_c0_seq3	sp|Q9JJ31|CUL5_RAT	79.90	403	80	1	1	1206	378	780	0.0	676
comp107158_c0_seq1	sp|Q6PDJ6|FBX42_MOUSE	56.69	157	62	3	8	466	116	270	3e-55	189
comp107201_c0_seq3	sp|Q7TML3|S35F2_MOUSE	49.36	312	155	3	15	947	40	349	3e-97	301
comp107201_c0_seq4	sp|Q7TML3|S35F2_MOUSE	46.15	312	149	4	15	899	40	349	2e-87	276
comp107216_c1_seq1	sp|Q92830|KAT2A_HUMAN	71.29	202	58	0	2	607	179	380	3e-100	315
comp107235_c0_seq1	sp|Q96JG6|SYNDE_HUMAN	53.93	191	86	1	597	31	774	964	8e-67	227
comp107306_c0_seq1	sp|Q32KJ6|GALNS_RAT	81.65	109	20	0	328	2	32	140	2e-59	197
comp107320_c1_seq2	sp|Q8CE72|CE042_MOUSE	30.77	338	223	3	38	1021	114	450	3e-54	202
comp107341_c0_seq1	sp|Q5RBZ8|TM41B_PONAB	66.52	230	77	0	48	737	40	269	3e-110	326
comp107390_c0_seq1	sp|Q96Q83|ALKB3_HUMAN	53.24	278	120	2	75	884	3	278	9e-103	310
comp107422_c1_seq1	sp|Q96FN9|DTD2_HUMAN	53.49	172	76	1	557	42	1	168	3e-63	201
comp107585_c0_seq1	sp|Q9BUP3|HTAI2_HUMAN	51.65	182	87	1	146	691	5	185	2e-57	189
comp107604_c0_seq2	sp|Q14DK5|HIPL1_MOUSE	54.09	318	119	8	21	932	286	590	2e-104	330
comp107667_c1_seq1	sp|Q4V8U5|ANO10_DANRE	47.81	320	156	2	2	961	303	611	3e-96	304
comp107667_c1_seq2	sp|Q9NW15|ANO10_HUMAN	51.45	241	104	3	2	718	382	611	1e-77	253
comp107695_c0_seq5	sp|Q92538|GBF1_HUMAN	68.94	161	48	1	2	484	904	1062	2e-69	234
comp107760_c0_seq2	sp|Q5R9W5|WWOX_PONAB	60.34	179	69	1	533	3	185	363	9e-69	221
comp107782_c0_seq1	sp|O02373|UGDH_DROME	73.81	210	55	0	1226	597	127	336	5e-112	343
comp107782_c0_seq2	sp|O02373|UGDH_DROME	76.12	201	48	0	613	11	127	327	3e-113	338
comp107782_c0_seq3	sp|O02373|UGDH_DROME	73.81	210	55	0	925	296	127	336	2e-113	343
comp107831_c1_seq1	sp|Q3T000|YKT6_BOVIN	58.91	129	53	0	1	387	36	164	3e-53	172
comp107875_c0_seq1	sp|Q8BQM9|MD12L_MOUSE	53.01	166	77	1	520	26	854	1019	2e-55	194
comp107905_c0_seq2	sp|Q5U316|RAB35_RAT	79.13	115	24	0	1	345	61	175	2e-58	190
comp107927_c0_seq2	sp|Q0P651|CD029_HUMAN	61.17	206	79	1	615	1	3	208	2e-91	283
comp108002_c0_seq1	sp|Q6NYU7|UPP_DANRE	71.20	191	55	0	679	107	66	256	1e-98	294
comp108002_c0_seq2	sp|Q6NYU7|UPP_DANRE	71.20	191	55	0	975	403	66	256	4e-97	294
comp108045_c0_seq1	sp|Q6AX33|MAST3_XENLA	70.32	219	54	4	21	671	334	543	6e-95	308
comp108045_c1_seq1	sp|O15021|MAST4_HUMAN	71.53	137	38	1	414	4	711	846	2e-63	216
comp108053_c1_seq1	sp|Q6A666|Y2034_PROAC	100.00	91	0	0	274	2	408	498	4e-52	176
comp108090_c0_seq2	sp|Q96QU8|XPO6_HUMAN	50.50	200	79	3	599	3	65	245	4e-55	194
comp108160_c0_seq2	sp|O75976|CBPD_HUMAN	52.15	349	156	7	7	1029	214	559	5e-108	349
comp108244_c0_seq1	sp|Q62915|CSKP_RAT	85.12	215	32	0	661	17	1	215	5e-131	399
comp108250_c1_seq1	sp|Q8IZQ1|WDFY3_HUMAN	67.86	252	78	2	119	868	2510	2760	4e-116	375
comp108265_c3_seq1	sp|Q0P595|SIR7_BOVIN	63.97	136	49	0	408	1	208	343	2e-55	184
comp108281_c1_seq1	sp|Q6IWH7|ANO7_HUMAN	57.06	163	66	2	504	16	276	434	6e-63	213
comp108291_c0_seq1	sp|O14936|CSKP_HUMAN	69.14	175	46	2	2	523	759	926	2e-79	261
comp108335_c0_seq1	sp|Q3Y4E2|SELN_DANRE	55.80	224	88	2	13	651	253	476	2e-78	251
comp108338_c0_seq1	sp|Q8IZQ1|WDFY3_HUMAN	56.82	220	94	1	5	664	288	506	1e-75	255
comp108381_c0_seq1	sp|Q569U0|MYO19_XENLA	48.85	217	98	3	17	649	44	253	5e-59	204
comp108413_c0_seq1	sp|Q2T9X1|RPC8_BOVIN	73.45	113	30	0	384	46	53	165	2e-58	186
comp108441_c0_seq1	sp|Q5NDL2|EOGT_HUMAN	52.85	246	111	2	1	735	48	289	3e-92	288
comp108487_c0_seq1	sp|Q8TC29|ENKUR_HUMAN	51.61	248	118	1	112	855	9	254	1e-80	258
comp108506_c1_seq1	sp|B0VXE8|CDK14_CALJA	70.80	137	40	0	2	412	214	350	9e-64	206
comp108506_c2_seq1	sp|Q6DJM7|CDK14_XENLA	71.15	156	44	1	36	500	74	229	3e-68	219
comp108518_c1_seq1	sp|Q9EPS3|GLCE_MOUSE	44.38	356	185	5	1042	2	147	498	6e-93	296
comp108553_c0_seq1	sp|Q9Y484|WIPI4_HUMAN	60.11	351	127	4	1205	192	7	357	2e-157	456
comp108553_c0_seq2	sp|Q9Y484|WIPI4_HUMAN	60.11	351	127	4	1205	192	7	357	3e-157	456
comp108569_c0_seq1	sp|Q7ZW24|ALG11_DANRE	58.78	148	61	0	1	444	349	496	8e-55	188
comp108629_c1_seq1	sp|O88866|HUNK_MOUSE	52.60	173	69	4	511	5	185	348	5e-51	178
comp108641_c0_seq1	sp|Q7Z3G6|PRIC2_HUMAN	44.79	192	101	2	573	13	116	307	4e-53	186
comp108641_c1_seq1	sp|O35115|FHL2_RAT	56.83	183	79	0	6	554	95	277	2e-72	231
comp108736_c0_seq1	sp|P83436|COG7_HUMAN	59.21	152	60	2	450	1	1	152	7e-54	189
comp108745_c0_seq1	sp|Q9D845|TEX9_MOUSE	53.85	247	99	2	62	775	146	386	9e-69	226
comp108775_c0_seq1	sp|P35290|RAB24_MOUSE	55.29	170	75	1	209	718	5	173	4e-58	194
comp108850_c0_seq1	sp|Q5U3U3|CPT2_DANRE	56.83	227	95	3	914	237	443	667	1e-78	258
comp108886_c1_seq1	sp|P22984|AMID_RHOER	57.21	201	85	1	7	609	80	279	1e-63	211
comp108941_c0_seq1	sp|Q9CZ15|PSF1_MOUSE	61.54	195	74	1	780	199	1	195	1e-86	264
comp108947_c1_seq1	sp|Q9BZC7|ABCA2_HUMAN	58.48	171	71	0	805	293	1142	1312	9e-59	208
comp108954_c0_seq1	sp|Q80ZA4|PKHL1_MOUSE	35.80	553	307	13	1603	26	2630	3161	4e-88	304
comp108954_c0_seq2	sp|Q80ZA4|PKHL1_MOUSE	33.86	443	268	9	1296	4	2630	3059	6e-71	250
comp108954_c2_seq1	sp|Q80ZA4|PKHL1_MOUSE	35.45	299	186	4	888	1	3317	3611	1e-51	189
comp108972_c0_seq1	sp|O14807|RASM_HUMAN	71.27	181	52	0	13	555	1	181	1e-84	256
comp109090_c0_seq1	sp|A8WGS4|TLCD2_DANRE	54.95	202	90	1	942	337	29	229	2e-70	228
comp109099_c0_seq1	sp|Q80TJ1|CAPS1_MOUSE	68.86	167	40	3	468	1	619	784	3e-78	258
comp109099_c1_seq1	sp|Q62717|CAPS1_RAT	80.00	170	34	0	512	3	784	953	2e-92	297
comp109155_c0_seq1	sp|Q9NVI1|FANCI_HUMAN	44.65	318	171	3	2	952	16	329	2e-80	271
comp109157_c0_seq1	sp|Q8BGG7|UBS3B_MOUSE	43.55	248	137	2	2	736	388	635	1e-63	216
comp109220_c4_seq1	sp|Q6P3S1|DEN1B_HUMAN	57.53	146	62	0	474	37	173	318	2e-56	188
comp109225_c0_seq1	sp|P23098|DYHC_TRIGR	69.57	253	77	0	2	760	2672	2924	7e-119	381
comp109267_c0_seq1	sp|P62255|UB2G1_RAT	75.30	166	40	1	1862	1368	1	166	2e-83	267
comp109319_c1_seq1	sp|Q9Y662|HS3SB_HUMAN	55.56	162	72	0	1	486	228	389	3e-65	212
comp109344_c0_seq1	sp|Q8IZQ1|WDFY3_HUMAN	83.62	177	29	0	550	20	2784	2960	2e-100	325
comp109344_c0_seq2	sp|Q6VNB8|WDFY3_MOUSE	75.21	242	53	2	706	2	2766	3007	8e-123	391
comp109377_c0_seq1	sp|Q9UPW8|UN13A_HUMAN	66.82	211	68	1	1	627	1089	1299	7e-97	314
comp109403_c0_seq1	sp|Q6NZM9|HDAC4_MOUSE	69.03	155	48	0	465	1	750	904	3e-77	253
comp109481_c1_seq1	sp|A4FV08|GNPI1_BOVIN	77.97	236	47	2	867	172	45	279	5e-133	385
comp109532_c0_seq1	sp|P12261|EF1G_ARTSA	59.86	431	166	3	1487	213	1	430	4e-165	481
comp109543_c0_seq1	sp|Q6XIM8|RS15A_DROYA	86.92	130	17	0	138	527	1	130	6e-81	243
comp109549_c0_seq1	sp|Q86FP7|RS23_DERVA	87.41	143	17	1	82	507	1	143	3e-86	257
comp109550_c0_seq1	sp|Q8ISP0|RS18_BRABE	90.07	141	14	0	942	520	1	141	2e-90	275
comp109558_c0_seq1	sp|Q9YIC0|EF1A_ORYLA	86.97	445	58	0	80	1414	1	445	0.0	810
comp109562_c0_seq1	sp|P48159|RL23_DROME	88.89	126	14	0	430	53	14	139	3e-69	213
comp109565_c0_seq1	sp|P49395|RS3A_APLCA	82.26	265	44	1	936	151	1	265	3e-153	438
comp109566_c0_seq1	sp|Q02543|RL18A_HUMAN	69.89	176	53	0	82	609	1	176	1e-89	268
comp109569_c0_seq1	sp|P31674|RS15_ORYSJ	79.87	154	23	1	41	478	1	154	3e-64	201
comp109571_c0_seq1	sp|Q9W237|RS16_DROME	87.14	140	18	0	104	523	9	148	5e-76	231
comp109573_c0_seq1	sp|Q94613|RS19_MYAAR	80.42	143	28	0	906	478	1	143	4e-82	251
comp109584_c1_seq1	sp|Q8BVF7|APH1A_MOUSE	53.68	190	74	3	8	577	72	247	2e-54	182
comp109639_c0_seq1	sp|Q9Y4C8|RBM19_HUMAN	56.46	209	87	2	664	38	731	935	7e-69	234
comp109660_c2_seq1	sp|Q5F3L9|FA65B_CHICK	47.29	203	103	2	774	178	120	322	8e-61	209
comp109663_c1_seq1	sp|Q9W6Z2|TBPL1_XENLA	57.22	180	74	3	313	849	3	180	2e-65	211
comp109701_c0_seq1	sp|Q86WU2|LDHD_HUMAN	61.23	227	65	1	1	612	98	324	1e-90	281
comp109706_c0_seq1	sp|Q8TDB6|DTX3L_HUMAN	54.70	181	76	5	152	688	554	730	1e-57	199
comp109710_c0_seq1	sp|Q92535|PIGC_HUMAN	47.94	267	138	1	2	799	14	280	6e-73	233
comp109735_c0_seq1	sp|O75031|HSF2B_HUMAN	39.05	315	188	3	213	1154	19	330	3e-61	207
comp109797_c0_seq1	sp|Q6P616|RBM22_XENTR	78.25	308	65	1	1	918	3	310	0.0	539
comp109797_c0_seq2	sp|Q6P616|RBM22_XENTR	78.25	308	65	1	1	918	3	310	0.0	539
comp109829_c0_seq1	sp|Q7T292|MFRN2_DANRE	58.14	215	83	2	119	742	58	272	2e-87	271
comp109829_c0_seq2	sp|Q7T292|MFRN2_DANRE	58.14	215	83	2	44	667	58	272	8e-88	271
comp109831_c0_seq1	sp|Q7SX99|FUMH_DANRE	77.52	129	29	0	10	396	164	292	1e-57	192
comp109900_c0_seq1	sp|P39057|DYHC_HELCR	86.45	155	21	0	466	2	2160	2314	5e-86	282
comp109931_c1_seq1	sp|O15550|KDM6A_HUMAN	64.08	206	71	2	1	609	1191	1396	5e-92	298
comp109952_c0_seq1	sp|Q803G5|SAM5A_DANRE	44.71	454	245	4	1601	243	21	469	7e-128	390
comp110002_c0_seq1	sp|Q8JHF2|LFNG_DANRE	55.69	255	106	5	5	754	111	363	7e-93	285
comp110031_c0_seq1	sp|Q61194|P3C2A_MOUSE	50.00	180	87	2	1	531	1267	1446	3e-56	197
comp110041_c0_seq2	sp|Q9Y4B4|ARIP4_HUMAN	60.76	158	61	1	175	648	232	388	7e-62	214
comp110041_c1_seq1	sp|A4IHD2|ARIP4_XENTR	71.79	156	44	0	469	2	467	622	2e-77	255
comp110041_c1_seq2	sp|A4IHD2|ARIP4_XENTR	71.77	124	35	0	373	2	499	622	2e-61	210
comp110047_c0_seq2	sp|Q9BSU1|CP070_HUMAN	60.77	418	145	4	1612	383	1	407	0.0	528
comp110047_c0_seq3	sp|Q9BSU1|CP070_HUMAN	60.23	171	56	2	886	383	246	407	8e-68	224
comp110084_c0_seq1	sp|Q9Y248|PSF2_HUMAN	62.09	182	68	1	603	58	1	181	2e-79	243
comp110088_c0_seq1	sp|Q6NYV8|LCLT1_DANRE	51.81	193	92	1	7	585	79	270	4e-66	214
comp110096_c0_seq1	sp|A1L1R5|PTPC1_DANRE	54.27	199	85	2	599	3	22	214	1e-71	236
comp110096_c0_seq2	sp|A1L1R5|PTPC1_DANRE	51.32	189	86	2	637	71	22	204	1e-60	207
comp110159_c0_seq1	sp|Q5RBG4|KAT5_PONAB	54.55	209	85	4	21	629	82	286	8e-71	229
comp110159_c0_seq2	sp|Q5RBG4|KAT5_PONAB	53.42	307	112	6	1	906	6	286	4e-102	313
comp110230_c0_seq1	sp|Q9QXW2|FBXW5_MOUSE	62.89	159	58	1	699	223	386	543	4e-65	218
comp110230_c0_seq2	sp|Q9QXW2|FBXW5_MOUSE	62.89	159	58	1	889	413	386	543	3e-64	218
comp110245_c0_seq1	sp|Q7TQE7|K0895_MOUSE	54.00	200	92	0	642	43	185	384	8e-67	223
comp110286_c1_seq1	sp|Q7Q5R7|CTLH1_ANOGA	35.51	276	166	4	811	5	2	272	5e-55	196
comp110294_c0_seq1	sp|Q4VSN1|DUSTY_DANRE	46.00	250	135	0	753	4	303	552	1e-68	232
comp110314_c1_seq1	sp|Q8NFA0|UBP32_HUMAN	50.00	220	110	0	13	672	20	239	5e-66	227
comp110366_c0_seq1	sp|Q6PGC1|DHX29_MOUSE	40.29	407	206	7	1208	3	72	446	5e-79	270
comp110389_c0_seq1	sp|Q61586|GPAT1_MOUSE	42.91	296	151	7	12	854	60	352	3e-70	237
comp110573_c0_seq1	sp|A4IFE4|RGF1B_BOVIN	57.26	358	148	3	1067	9	67	424	6e-146	428
comp110573_c0_seq2	sp|Q28EC1|RGF1B_XENTR	58.15	399	162	3	1363	182	67	465	4e-165	481
comp110575_c0_seq1	sp|Q9YGN6|SMUG1_XENLA	50.22	229	113	1	949	263	42	269	2e-78	257
comp110578_c0_seq1	sp|Q8R1F6|HID1_MOUSE	87.76	196	24	0	604	17	367	562	1e-119	364
comp110578_c0_seq2	sp|Q8R1F6|HID1_MOUSE	80.83	240	46	0	725	6	367	606	1e-134	404
comp110593_c1_seq1	sp|Q9DGG6|ADCY9_CHICK	60.10	208	67	2	3	626	387	578	8e-72	242
comp110603_c0_seq1	sp|Q8N3P4|VPS8_HUMAN	55.71	368	162	1	2	1105	620	986	2e-140	439
comp110675_c0_seq5	sp|P25286|VPP1_RAT	51.82	384	161	9	1223	123	462	838	3e-119	373
comp110681_c0_seq1	sp|Q8IWF2|FXRD2_HUMAN	55.90	161	70	1	2	481	324	484	6e-58	197
comp110691_c0_seq1	sp|O95405|ZFYV9_HUMAN	56.69	254	108	1	4	759	1169	1422	8e-93	303
comp110709_c0_seq1	sp|Q7SZ73|FXL15_XENLA	38.22	259	160	0	1013	237	12	270	5e-57	194
comp110736_c0_seq3	sp|Q2VUH7|DIXC1_RAT	38.24	421	207	8	547	1794	278	650	2e-67	239
comp110805_c1_seq1	sp|Q6P4U0|THS7B_MOUSE	34.70	366	216	11	1100	45	1042	1398	1e-58	211
comp110805_c1_seq2	sp|Q6P4U0|THS7B_MOUSE	35.75	386	227	11	1125	1	1042	1417	5e-63	224
comp110810_c0_seq1	sp|P26990|ARF6_CHICK	94.29	175	10	0	206	730	1	175	2e-119	350
comp110827_c0_seq1	sp|Q5RE98|AOFB_PONAB	56.02	166	73	0	1	498	330	495	3e-57	192
comp110983_c0_seq1	sp|P25857|G3PB_ARATH	83.87	186	29	1	556	2	232	417	5e-91	280
comp110995_c0_seq1	sp|Q9D1E5|LMBRL_MOUSE	55.62	169	75	0	10	516	299	467	7e-53	185
comp111029_c0_seq1	sp|O70157|TOP3A_MOUSE	62.96	135	50	0	2	406	183	317	5e-55	189
comp111029_c1_seq1	sp|Q13472|TOP3A_HUMAN	61.83	186	66	1	545	3	9	194	1e-73	244
comp111057_c0_seq1	sp|Q9H270|VPS11_HUMAN	54.27	164	61	2	2	451	6	169	5e-53	184
comp111057_c1_seq2	sp|Q91W86|VPS11_MOUSE	59.28	447	170	4	1384	53	177	614	0.0	541
comp111057_c1_seq3	sp|Q91W86|VPS11_MOUSE	58.47	472	184	4	1492	86	177	639	0.0	562
comp111084_c0_seq1	sp|O95980|RECK_HUMAN	38.91	496	274	12	1	1434	226	710	4e-107	347
comp111107_c0_seq1	sp|P35816|PDP1_BOVIN	40.91	242	142	1	5	727	242	483	3e-53	186
comp111155_c0_seq3	sp|Q7ZU90|CHD1L_DANRE	62.09	182	66	2	2	547	368	546	1e-63	216
comp111155_c0_seq4	sp|Q7ZU90|CHD1L_DANRE	59.76	169	65	2	42	548	381	546	2e-54	190
comp111202_c0_seq1	sp|Q9UPR0|PLCL2_HUMAN	76.92	156	36	0	3	470	724	879	1e-79	260
comp111202_c0_seq2	sp|Q9UPR0|PLCL2_HUMAN	78.99	119	25	0	18	374	761	879	1e-60	206
comp111217_c0_seq1	sp|Q9H1D9|RPC6_HUMAN	65.55	299	97	2	95	976	16	313	1e-132	387
comp111246_c0_seq1	sp|O60879|DIAP2_HUMAN	46.12	477	247	4	208	1629	622	1091	5e-125	404
comp111280_c0_seq1	sp|Q96JM7|LMBL3_HUMAN	45.03	322	142	6	889	26	120	440	3e-84	276
comp111297_c1_seq1	sp|P30684|GNAS_LYMST	76.27	177	42	0	208	738	1	177	3e-94	288
comp111297_c2_seq2	sp|P30684|GNAS_LYMST	88.89	189	21	0	1008	442	186	374	1e-122	364
comp111358_c0_seq1	sp|Q80Y56|RBNS5_MOUSE	37.45	526	264	10	1568	90	8	501	1e-92	307
comp111387_c0_seq1	sp|P97608|OPLA_RAT	78.57	126	27	0	2	379	261	386	1e-61	209
comp111427_c2_seq1	sp|Q5R4A5|SNX17_PONAB	52.36	254	114	2	744	1	137	389	3e-95	294
comp111458_c0_seq1	sp|Q6NYY9|VMP1_DANRE	61.76	387	123	2	255	1412	44	406	1e-144	427
comp111458_c0_seq2	sp|Q6NYY9|VMP1_DANRE	56.88	429	155	3	82	1365	7	406	3e-144	426
comp111458_c0_seq3	sp|Q6NYY9|VMP1_DANRE	65.30	366	123	2	255	1349	44	406	1e-147	434
comp111458_c0_seq5	sp|Q6NYY9|VMP1_DANRE	60.05	408	154	3	82	1302	7	406	2e-147	433
comp111461_c0_seq1	sp|Q4V9Y0|VPS51_XENTR	68.81	218	65	2	7	654	8	224	8e-101	315
comp111552_c0_seq1	sp|Q24K02|IDE_BOVIN	55.35	374	164	2	1506	391	641	1013	6e-143	443
comp111552_c0_seq2	sp|Q24K02|IDE_BOVIN	55.20	279	122	2	1221	391	736	1013	2e-97	320
comp111661_c0_seq1	sp|O14972|DSCR3_HUMAN	65.27	167	58	0	2	502	5	171	5e-76	236
comp111704_c1_seq1	sp|Q96CU9|FXRD1_HUMAN	45.23	241	128	3	713	3	61	301	3e-59	201
comp111723_c0_seq1	sp|Q14185|DOCK1_HUMAN	41.80	256	134	5	733	2	782	1034	2e-55	198
comp111825_c0_seq1	sp|Q28FE4|MORN5_XENTR	72.62	168	46	0	1041	538	1	168	1e-86	266
comp111848_c0_seq1	sp|Q06124|PTN11_HUMAN	80.00	130	26	0	1	390	1	130	2e-70	228
comp111848_c1_seq1	sp|Q06124|PTN11_HUMAN	59.93	287	91	5	870	52	128	404	1e-104	323
comp111866_c0_seq1	sp|Q6NRC7|TBC23_XENLA	60.93	151	54	2	510	58	282	427	3e-55	190
comp111937_c0_seq1	sp|O15945|ARNT_DROME	86.87	99	13	0	6	302	14	112	3e-56	189
comp111944_c0_seq1	sp|Q9UBZ9|REV1_HUMAN	45.64	241	103	5	84	800	414	628	2e-58	206
comp111963_c1_seq1	sp|Q5RFB7|ODC_PONAB	71.01	138	40	0	430	17	159	296	5e-71	222
comp112038_c0_seq1	sp|Q9BQG2|NUD12_HUMAN	62.94	197	73	0	2	592	266	462	8e-87	273
comp112213_c0_seq1	sp|P49221|TGM4_HUMAN	56.68	187	81	0	563	3	169	355	5e-66	220
comp112257_c0_seq1	sp|O76924|ARI2_DROME	80.12	161	32	0	5	487	308	468	8e-83	259
comp112328_c0_seq1	sp|P49696|SYVC_TAKRU	60.81	296	116	0	2	889	386	681	7e-123	386
comp112334_c0_seq2	sp|Q5BKM3|CHMP3_XENTR	69.15	188	58	0	49	612	1	188	1e-70	223
comp112410_c0_seq1	sp|A0JP70|WDR90_XENTR	61.45	166	64	0	33	530	404	569	5e-67	228
comp112410_c0_seq2	sp|A0JP70|WDR90_XENTR	57.49	207	84	2	20	637	366	569	7e-76	254
comp112432_c1_seq1	sp|O35083|PLCA_MOUSE	42.98	242	137	1	766	44	26	267	2e-70	224
comp112471_c0_seq1	sp|Q5ZHY5|CHIP_CHICK	57.04	277	119	0	11	841	38	314	2e-105	318
comp112472_c0_seq1	sp|Q24210|CSKP_DROME	64.25	179	54	5	17	532	562	737	2e-66	223
comp112472_c0_seq2	sp|O14936|CSKP_HUMAN	59.19	272	80	4	2	727	495	765	2e-99	316
comp112472_c1_seq1	sp|O70589|CSKP_MOUSE	55.17	261	106	4	751	2	237	497	2e-77	256
comp112489_c0_seq1	sp|Q4V9P0|SAMC_DANRE	60.74	135	49	1	9	401	20	154	3e-52	172
comp112496_c1_seq1	sp|Q8IV61|GRP3_HUMAN	59.62	265	100	3	792	4	126	385	1e-98	309
comp112503_c1_seq1	sp|O88738|BIRC6_MOUSE	45.55	393	199	7	1169	18	2942	3328	5e-92	311
comp112527_c1_seq1	sp|Q86UB2|BIVM_HUMAN	61.03	136	47	1	30	437	167	296	6e-53	180
comp112532_c0_seq1	sp|Q8BP40|PPA6_MOUSE	36.07	402	237	8	78	1259	27	416	2e-77	257
comp112532_c0_seq2	sp|Q8BP40|PPA6_MOUSE	36.07	402	237	8	78	1259	27	416	2e-77	257
comp112646_c0_seq1	sp|P00239|FER1_DUNSA	82.11	95	17	0	392	108	1	95	3e-51	166
comp112669_c1_seq1	sp|Q8TAM2|TTC8_HUMAN	72.26	137	37	1	3	410	316	452	2e-67	219
comp112681_c0_seq1	sp|Q1RMK1|FA92B_BOVIN	43.25	252	140	2	90	842	8	257	4e-54	185
comp112685_c1_seq1	sp|Q8TE73|DYH5_HUMAN	46.91	307	156	2	6	926	1003	1302	1e-83	282
comp112712_c0_seq1	sp|Q2KHZ9|GCDH_BOVIN	76.57	175	39	1	527	3	158	330	3e-97	295
comp112724_c1_seq1	sp|Q6I6G8|HECW2_MOUSE	45.57	237	113	5	24	719	99	324	1e-55	199
comp112724_c1_seq2	sp|Q6I6G8|HECW2_MOUSE	44.04	277	139	5	148	963	59	324	2e-65	231
comp112754_c1_seq1	sp|Q9HAB8|PPCS_HUMAN	50.60	168	82	1	593	90	142	308	2e-54	181
comp112755_c0_seq1	sp|Q60716|P4HA2_MOUSE	70.18	114	34	0	476	135	422	535	3e-57	193
comp112823_c1_seq1	sp|Q09LZ8|CBPC6_MOUSE	69.91	339	102	0	1033	17	108	446	0.0	530
comp112823_c1_seq2	sp|Q09LZ8|CBPC6_MOUSE	67.78	360	109	2	1112	33	108	460	0.0	534
comp112828_c0_seq2	sp|Q8NCJ5|SPRY3_HUMAN	43.00	300	155	5	75	968	43	328	7e-72	235
comp112840_c1_seq3	sp|Q69ZU6|THS7A_MOUSE	35.76	425	232	7	3	1214	654	1058	2e-69	244
comp112891_c2_seq1	sp|P18155|MTDC_MOUSE	69.47	95	29	0	285	1	195	289	2e-58	134
comp112914_c0_seq2	sp|P55214|CASP7_MESAU	46.51	258	121	4	7	762	43	289	3e-67	217
comp112966_c0_seq1	sp|Q8T6A5|TBA1_APLCA	94.50	109	6	0	2	328	101	209	1e-56	187
comp112966_c1_seq1	sp|Q5R1W4|TBA1B_PANTR	91.01	89	8	0	267	1	19	107	1e-53	178
comp112966_c2_seq1	sp|P02552|TBA1_CHICK	94.70	132	7	0	398	3	171	302	2e-88	270
comp113046_c0_seq1	sp|Q6A6C0|PURL_PROAC	100.00	88	0	0	265	2	13	100	8e-55	185
comp113098_c2_seq1	sp|P52824|DGKQ_HUMAN	50.85	293	130	4	2	880	541	819	2e-92	300
comp113107_c0_seq1	sp|Q91YT2|RN185_MOUSE	72.05	161	45	0	217	699	32	192	8e-55	183
comp113126_c0_seq1	sp|Q99J82|ILK_RAT	71.30	115	33	0	2	346	336	450	1e-52	179
comp113127_c0_seq1	sp|P97386|DNLI3_MOUSE	73.18	179	46	1	534	4	409	587	2e-86	279
comp113158_c0_seq2	sp|O75689|ADAP1_HUMAN	40.91	220	126	3	2	661	23	238	5e-63	207
comp113217_c0_seq1	sp|F1NTD6|ASCC3_CHICK	66.05	215	73	0	645	1	1102	1316	9e-101	326
comp113217_c1_seq1	sp|E1BNG3|ASCC3_BOVIN	65.52	145	50	0	437	3	958	1102	8e-63	214
comp113227_c0_seq1	sp|Q60857|SC6A4_MOUSE	59.60	151	58	2	452	3	89	237	1e-58	197
comp113227_c1_seq1	sp|P51905|SC6A4_DROME	71.93	114	32	0	346	5	237	350	4e-51	175
comp113237_c0_seq1	sp|Q5ZLG9|WDR59_CHICK	38.07	457	230	13	2	1276	317	752	9e-79	269
comp113354_c0_seq1	sp|Q9NZJ4|SACS_HUMAN	29.86	777	470	18	2213	12	2451	3195	2e-100	347
comp113488_c0_seq1	sp|Q6AX60|PTHB1_XENLA	60.26	151	57	1	453	1	3	150	6e-58	197
comp113499_c0_seq1	sp|Q9BX70|BTBD2_HUMAN	78.01	282	62	0	847	2	130	411	1e-156	454
comp113518_c1_seq1	sp|Q7TSH2|KPBB_MOUSE	57.07	191	79	1	576	4	898	1085	1e-62	214
comp113598_c0_seq1	sp|Q4KML2|CRYD_DANRE	77.46	173	39	0	522	4	309	481	5e-96	294
comp113631_c1_seq1	sp|Q9C098|DCLK3_HUMAN	64.77	176	62	0	530	3	356	531	4e-73	240
comp113653_c0_seq1	sp|Q6YKA8|DRK_DROSI	53.74	227	82	3	3	683	3	206	7e-80	248
comp113776_c1_seq2	sp|A0JPA0|CNNM4_XENTR	46.96	313	133	7	1319	480	401	713	7e-65	228
comp113814_c1_seq1	sp|P04412|EGFR_DROME	38.50	361	195	9	1067	3	82	421	2e-70	245
comp113815_c0_seq1	sp|Q6GM29|SAC1_XENLA	59.65	285	114	1	5	856	120	404	8e-127	380
comp113868_c0_seq1	sp|P70699|LYAG_MOUSE	57.80	173	73	0	531	13	236	408	1e-68	229
comp113875_c0_seq1	sp|P62071|RRAS2_MOUSE	73.05	141	33	1	592	185	64	204	9e-68	212
comp113903_c0_seq1	sp|Q5XIX3|DCR1C_RAT	42.72	309	170	4	921	7	1	306	2e-71	240
comp113931_c0_seq1	sp|F8WLE0|KIF28_RAT	31.07	544	314	16	24	1598	334	835	2e-67	241
comp113931_c0_seq3	sp|F8WLE0|KIF28_RAT	31.07	544	314	16	24	1598	334	835	2e-67	241
comp113931_c0_seq4	sp|F8WLE0|KIF28_RAT	35.78	696	382	18	19	2046	185	835	2e-123	400
comp113931_c0_seq5	sp|F8WLE0|KIF28_RAT	35.78	696	382	18	19	2046	185	835	3e-123	400
comp113955_c0_seq1	sp|Q07890|SOS2_HUMAN	50.13	381	184	4	6	1139	275	652	2e-122	390
comp113955_c1_seq1	sp|Q62245|SOS1_MOUSE	63.80	384	131	3	55	1188	675	1056	3e-167	510
comp113955_c1_seq3	sp|Q62245|SOS1_MOUSE	65.57	305	103	1	68	976	752	1056	6e-134	419
comp113984_c0_seq1	sp|Q03961|KPSD1_ECOLX	53.36	223	103	1	745	77	337	558	5e-76	246
comp113984_c1_seq1	sp|Q03961|KPSD1_ECOLX	56.08	189	83	0	2	568	154	342	7e-70	228
comp114001_c0_seq2	sp|Q0IHF9|SARAF_XENLA	49.44	178	83	4	112	630	13	188	2e-51	177
comp114001_c0_seq3	sp|F7C1E2|SARAF_XENTR	67.54	114	36	1	279	617	32	145	9e-51	177
comp114039_c1_seq1	sp|Q01968|OCRL_HUMAN	51.28	234	114	0	726	25	486	719	2e-73	246
comp114039_c1_seq2	sp|Q6NVF0|OCRL_MOUSE	52.01	273	131	0	843	25	446	718	5e-89	289
comp114058_c0_seq1	sp|Q8N5D0|WDTC1_HUMAN	46.73	321	149	6	2	949	63	366	2e-84	274
comp114076_c0_seq1	sp|Q6ZV73|FGD6_HUMAN	55.84	197	87	0	52	642	875	1071	3e-68	232
comp114148_c0_seq1	sp|Q05973|SCN1_HETBL	58.99	178	72	1	987	457	1326	1503	6e-63	222
comp114192_c0_seq1	sp|Q5R9E1|HMGCL_PONAB	71.72	290	82	0	872	3	29	318	1e-151	436
comp114192_c0_seq2	sp|A8WG57|HMGC2_DANRE	71.21	132	38	0	409	14	39	170	9e-62	200
comp114239_c0_seq1	sp|Q13472|TOP3A_HUMAN	74.44	133	33	1	1	396	328	460	5e-65	217
comp114278_c0_seq1	sp|Q6NSJ0|K1161_HUMAN	54.17	168	70	1	1	504	523	683	2e-56	193
comp114370_c1_seq1	sp|Q8TCB7|METL6_HUMAN	58.22	146	55	2	427	2	12	155	3e-54	180
comp114393_c1_seq2	sp|Q8K0U4|HS12A_MOUSE	32.08	611	344	12	14	1672	56	653	9e-84	283
comp114393_c1_seq3	sp|Q8K0U4|HS12A_MOUSE	31.00	571	326	11	29	1576	96	653	3e-72	250
comp114410_c1_seq1	sp|Q8N9N5|BANP_HUMAN	62.72	169	57	2	1163	675	214	382	8e-65	221
comp114412_c0_seq2	sp|Q91X52|DCXR_MOUSE	46.50	243	129	1	17	745	1	242	5e-70	223
comp114414_c0_seq1	sp|P18106|FPS_DROME	62.65	166	62	0	499	2	1047	1212	1e-63	217
comp114495_c0_seq1	sp|Q86WZ6|ZN227_HUMAN	40.83	218	128	1	656	3	406	622	4e-53	186
comp114497_c0_seq1	sp|Q8IWX5|SGPP2_HUMAN	36.50	326	170	6	100	1074	6	295	2e-57	197
comp114532_c0_seq1	sp|Q6AYY8|ACATN_RAT	60.98	164	63	1	22	513	290	452	5e-60	201
comp114532_c2_seq1	sp|O00400|ACATN_HUMAN	68.99	158	47	1	476	3	127	282	2e-69	225
comp114545_c1_seq1	sp|Q5ZIV1|MTMR2_CHICK	61.40	171	66	0	2	514	60	230	1e-72	234
comp114545_c3_seq1	sp|Q9Z2C4|MTMR1_MOUSE	78.00	100	22	0	2	301	422	521	8e-52	179
comp114565_c0_seq1	sp|A8E657|AASS_BOVIN	45.26	232	125	1	909	214	687	916	2e-62	217
comp114628_c0_seq1	sp|Q96T49|PP16B_HUMAN	48.45	258	122	4	3	755	114	367	6e-73	239
comp114635_c0_seq1	sp|Q68EK7|RAB4B_DANRE	85.63	174	22	1	762	250	40	213	7e-92	276
comp114635_c0_seq2	sp|Q68EK7|RAB4B_DANRE	92.59	162	11	1	508	23	40	200	2e-93	277
comp114667_c0_seq2	sp|Q6EV77|FUT8_PANTR	60.58	208	79	2	3	626	370	574	4e-80	256
comp114670_c1_seq1	sp|Q2PFD7|PSD3_MOUSE	49.64	276	125	7	815	3	676	942	3e-70	238
comp114683_c0_seq1	sp|Q91YX5|LGAT1_MOUSE	44.15	265	141	2	3	779	60	323	2e-78	248
comp114695_c0_seq1	sp|Q9GUM2|BRE4_CAEEL	46.46	226	119	2	15	686	141	366	4e-65	213
comp114697_c0_seq1	sp|Q5U3U3|CPT2_DANRE	53.56	239	109	1	2	718	193	429	6e-89	283
comp114713_c0_seq1	sp|P42577|FRIS_LYMST	69.42	121	37	0	2	364	47	167	8e-52	174
comp114740_c1_seq1	sp|Q8VHI3|OFUT2_MOUSE	53.33	270	120	4	5	805	38	304	1e-94	292
comp114779_c1_seq1	sp|Q7ZTW4|SGK1_DANRE	79.03	124	26	0	41	412	85	208	8e-64	207
comp114784_c0_seq1	sp|Q5RD78|HECD2_PONAB	63.69	179	64	1	755	222	598	776	5e-76	251
comp114839_c0_seq1	sp|P0CG08|GPHRB_HUMAN	72.89	343	91	2	22	1044	109	451	6e-161	468
comp114846_c0_seq1	sp|Q8TE73|DYH5_HUMAN	70.06	167	50	0	517	17	4259	4425	2e-76	255
comp114846_c0_seq2	sp|Q8TE73|DYH5_HUMAN	71.67	353	99	1	1060	2	4259	4610	2e-174	545
comp114888_c0_seq1	sp|P42859|HD_MOUSE	52.31	216	101	1	15	662	1791	2004	4e-68	233
comp114890_c0_seq1	sp|Q28DH9|CEP76_XENTR	69.30	215	66	0	4	648	447	661	7e-108	332
comp114890_c1_seq1	sp|Q6DDX8|CEP76_XENLA	59.07	364	145	1	4	1095	85	444	1e-152	452
comp114943_c0_seq1	sp|Q9V9A7|MCCB_DROME	56.22	201	82	3	9	596	96	295	3e-73	239
comp114969_c1_seq1	sp|A0LNW5|HCP_SYNFM	45.49	277	136	6	873	43	18	279	3e-61	209
comp114982_c1_seq1	sp|Q5RDP4|SYLM_PONAB	60.66	183	66	2	537	1	41	221	2e-71	238
comp115034_c1_seq1	sp|Q6P4M5|GFOD1_XENTR	55.86	145	64	0	2	436	137	281	6e-55	183
comp115046_c0_seq1	sp|O35165|GOSR2_RAT	59.43	212	86	0	95	730	1	212	1e-86	264
comp115080_c0_seq1	sp|O75165|DJC13_HUMAN	66.67	129	43	0	27	413	1830	1958	7e-56	194
comp115080_c0_seq2	sp|O75165|DJC13_HUMAN	61.35	163	63	0	14	502	1796	1958	2e-60	209
comp115080_c0_seq4	sp|O75165|DJC13_HUMAN	60.14	286	110	1	9	866	1677	1958	1e-107	350
comp115102_c0_seq2	sp|O75165|DJC13_HUMAN	66.35	422	129	2	1	1230	403	823	6e-166	520
comp115102_c0_seq3	sp|O75165|DJC13_HUMAN	61.87	257	86	2	19	753	567	823	9e-82	274
comp115136_c1_seq1	sp|Q8BTZ7|GMPPB_MOUSE	70.59	136	40	0	3	410	225	360	1e-65	210
comp115172_c0_seq1	sp|Q6DKB0|5NTC_XENLA	57.27	220	87	4	2	655	334	548	1e-70	242
comp115210_c0_seq2	sp|Q8C5H1|ANO4_MOUSE	52.20	295	137	3	5	877	454	748	1e-79	265
comp115210_c1_seq1	sp|Q8C5H1|ANO4_MOUSE	51.27	197	88	2	2	568	743	939	2e-58	204
comp115235_c0_seq1	sp|Q03347|RUNX1_MOUSE	60.00	180	53	3	17	556	47	207	2e-65	214
comp115239_c0_seq1	sp|P37892|CBPE_LOPAM	45.75	341	161	6	2	1015	102	421	1e-89	283
comp115265_c0_seq1	sp|Q01406|SRC8_CHICK	66.33	196	66	0	56	643	4	199	2e-76	246
comp115318_c0_seq1	sp|Q6NUP7|PP4R4_HUMAN	37.13	404	239	4	1210	2	235	624	1e-78	265
comp115339_c1_seq1	sp|Q9V9J3|SRC42_DROME	73.52	506	119	5	1511	3	1	494	0.0	749
comp115353_c0_seq1	sp|Q9UPU5|UBP24_HUMAN	45.35	258	106	4	707	3	12	257	1e-65	227
comp115353_c0_seq2	sp|B1AY13|UBP24_MOUSE	45.79	214	84	4	624	43	12	213	1e-50	183
comp115359_c0_seq2	sp|O43312|MTSS1_HUMAN	63.95	147	53	0	451	11	6	152	4e-56	195
comp115359_c0_seq3	sp|O43312|MTSS1_HUMAN	65.56	180	62	0	545	6	6	185	1e-72	242
comp115415_c0_seq1	sp|Q6ZQ82|RHG26_MOUSE	50.94	212	104	0	44	679	1	212	1e-60	208
comp115446_c0_seq1	sp|Q9H0X9|OSBL5_HUMAN	49.48	291	136	5	307	1173	87	368	1e-96	266
comp115452_c3_seq1	sp|Q90922|NET1_CHICK	70.15	201	59	1	11	610	192	392	9e-102	313
comp115514_c0_seq1	sp|Q9V576|WUN_DROME	44.44	261	124	5	20	754	86	341	6e-58	194
comp115542_c1_seq1	sp|Q5RKZ7|MOCS1_MOUSE	67.65	170	53	1	1	510	111	278	1e-79	254
comp115555_c0_seq1	sp|Q07113|MPRI_MOUSE	39.63	540	282	17	1600	44	503	1019	4e-108	362
comp115555_c0_seq2	sp|Q07113|MPRI_MOUSE	42.09	411	207	11	1237	44	503	895	1e-91	309
comp115555_c0_seq3	sp|Q07113|MPRI_MOUSE	41.84	435	221	12	1290	25	503	918	2e-96	324
comp115614_c1_seq1	sp|Q9ZRJ4|TBA_CHLVU	100.00	136	0	0	2	409	287	422	9e-97	292
comp115623_c0_seq1	sp|Q8K2L8|TPC12_MOUSE	47.22	413	216	2	1	1233	385	797	3e-111	354
comp115635_c0_seq1	sp|Q3TT38|CF106_MOUSE	57.25	131	56	0	547	155	40	170	3e-52	174
comp115635_c0_seq2	sp|Q5BL31|CF106_DANRE	55.68	176	74	2	846	328	40	214	1e-64	210
comp115639_c0_seq2	sp|Q4V8V1|BM1LA_DANRE	62.03	187	70	1	147	707	46	231	2e-81	257
comp115639_c0_seq3	sp|Q4V8V1|BM1LA_DANRE	62.03	187	70	1	73	633	46	231	9e-82	258
comp115640_c2_seq2	sp|Q9BU23|LMF2_HUMAN	51.33	226	96	4	649	11	178	402	1e-51	181
comp115649_c0_seq1	sp|Q96CN5|LRC45_HUMAN	51.37	183	83	2	78	626	1	177	9e-54	187
comp115728_c0_seq1	sp|Q6NZ22|MET14_DANRE	60.90	399	149	2	3	1178	5	403	4e-168	486
comp115740_c0_seq1	sp|Q29503|UB2R2_RABIT	75.00	200	49	1	118	714	1	200	4e-107	322
comp115808_c0_seq1	sp|Q8BK03|FA73B_MOUSE	41.98	393	208	6	1148	24	180	570	2e-89	288
comp115820_c0_seq2	sp|Q6P4S8|INT1_MOUSE	42.22	315	173	4	960	43	1858	2172	8e-72	248
comp115843_c0_seq1	sp|Q9Y236|OSGI2_HUMAN	45.62	491	237	9	340	1779	19	490	4e-128	393
comp115859_c0_seq2	sp|Q9CXE6|XRCC3_MOUSE	39.81	309	167	4	920	36	40	343	1e-68	225
comp115908_c0_seq2	sp|Q9UA35|S28A3_EPTST	52.81	231	108	1	4	693	221	451	5e-78	254
comp115908_c0_seq3	sp|Q9UA35|S28A3_EPTST	48.52	169	86	1	144	647	283	451	6e-54	162
comp115919_c0_seq1	sp|Q5XHC1|CD047_XENLA	52.81	303	132	4	285	1184	10	304	4e-76	247
comp115921_c0_seq1	sp|Q5R7A2|ALG1_PONAB	54.34	219	96	3	650	3	147	364	9e-76	243
comp115942_c0_seq1	sp|Q28BM0|DYM_XENTR	61.25	271	95	3	1	810	407	668	2e-101	317
comp115947_c0_seq1	sp|Q90593|GRP78_CHICK	82.78	360	61	1	1078	2	22	381	0.0	625
comp115975_c1_seq1	sp|P42346|MTOR_RAT	75.40	187	44	1	575	21	720	906	2e-87	287
comp115977_c0_seq1	sp|Q5PPV3|MORN3_XENLA	64.85	239	83	1	1070	354	1	238	1e-108	325
comp115981_c0_seq1	sp|Q6NVF4|HELB_MOUSE	43.85	260	121	5	81	785	513	772	7e-60	209
comp115981_c0_seq2	sp|Q6NVF4|HELB_MOUSE	42.27	291	136	7	102	899	489	772	2e-60	213
comp116014_c0_seq1	sp|Q9Y4A5|TRRAP_HUMAN	74.24	132	34	0	2	397	2859	2990	5e-67	226
comp116022_c0_seq1	sp|Q3SZP5|ACOX1_BOVIN	61.05	172	67	0	519	4	188	359	2e-73	238
comp116022_c0_seq2	sp|Q3SZP5|ACOX1_BOVIN	59.86	142	57	0	429	4	218	359	5e-56	192
comp116022_c0_seq3	sp|Q3SZP5|ACOX1_BOVIN	61.72	128	49	0	429	46	188	315	8e-55	187
comp116084_c0_seq1	sp|Q7ZXB8|PAB2B_XENLA	78.32	143	27	2	182	601	107	248	2e-58	202
comp116175_c0_seq1	sp|Q8K1Y2|KPCD3_MOUSE	64.39	205	64	4	2	598	485	686	3e-76	251
comp116234_c0_seq1	sp|Q99MD8|MYNN_MOUSE	46.40	250	129	3	238	975	301	549	8e-73	244
comp116250_c0_seq1	sp|D3ZGQ5|NEK8_RAT	76.19	168	40	0	504	1	82	249	2e-79	255
comp116250_c0_seq2	sp|D3ZGQ5|NEK8_RAT	77.51	249	56	0	747	1	1	249	5e-131	394
comp116252_c0_seq1	sp|A6QL92|S35F5_BOVIN	57.14	259	103	3	2	766	201	455	1e-90	283
comp116270_c0_seq2	sp|Q7T163|KDIS_DANRE	59.05	359	146	1	27	1100	142	500	2e-130	416
comp116270_c0_seq3	sp|Q7T163|KDIS_DANRE	56.70	448	192	2	4	1341	53	500	4e-158	495
comp116285_c0_seq1	sp|P00529|ROS_AVISU	60.66	333	121	4	1688	705	56	383	1e-129	400
comp116326_c0_seq1	sp|Q8N2K1|UB2J2_HUMAN	62.40	258	77	2	77	790	1	258	2e-116	342
comp116339_c0_seq1	sp|Q92831|KAT2B_HUMAN	66.49	194	63	2	3	581	637	829	1e-78	256
comp116351_c0_seq1	sp|Q27433|MEC2_CAEEL	65.87	334	98	3	12	986	62	388	4e-126	378
comp116412_c1_seq2	sp|Q9V5N8|STAN_DROME	39.44	251	143	4	774	22	1642	1883	2e-51	187
comp116434_c0_seq1	sp|P10533|RMIL_AVII1	80.16	126	25	0	397	20	194	319	2e-70	222
comp116434_c0_seq2	sp|P10533|RMIL_AVII1	73.71	175	43	2	602	84	194	367	1e-88	271
comp116435_c0_seq2	sp|Q9H330|TM245_HUMAN	62.83	226	79	2	664	2	604	829	4e-75	251
comp116435_c0_seq3	sp|D3ZXD8|TM245_RAT	41.09	387	200	8	1208	90	367	739	7e-77	261
comp116435_c0_seq4	sp|Q9H330|TM245_HUMAN	65.22	184	59	2	538	2	646	829	6e-65	220
comp116435_c0_seq5	sp|D3ZXD8|TM245_RAT	46.84	474	223	9	1378	2	367	826	7e-114	362
comp116437_c0_seq1	sp|Q9HD40|SPCS_HUMAN	67.69	260	83	1	2	778	147	406	1e-128	381
comp116443_c0_seq1	sp|P25228|RAB3_DROME	85.91	220	30	1	77	733	1	220	2e-136	394
comp116459_c0_seq1	sp|P07291|MLE_ARGIR	66.88	154	50	1	77	538	1	153	2e-62	205
comp116509_c0_seq1	sp|O97902|ASAP1_BOVIN	56.09	271	112	4	815	3	314	577	4e-95	310
comp116520_c0_seq1	sp|Q8VHQ4|RB40C_MOUSE	63.07	241	78	2	974	282	36	275	1e-103	312
comp116525_c0_seq1	sp|Q9BYD3|RM04_HUMAN	56.17	235	99	3	246	944	44	276	6e-86	268
comp116538_c0_seq1	sp|Q6P8G1|ILF2_XENTR	68.56	334	103	2	1722	724	25	357	9e-172	502
comp116583_c2_seq1	sp|P11915|NLTP_RAT	58.33	204	74	3	752	144	219	412	1e-70	232
comp116601_c0_seq1	sp|P0CT61|RL23B_SCHPO	83.33	126	21	0	3	380	14	139	2e-73	222
comp116612_c0_seq1	sp|Q6P0V6|RL8_DANRE	81.50	254	47	0	873	112	3	256	2e-140	403
comp116618_c0_seq1	sp|P29691|EF2_CAEEL	72.33	860	219	7	2885	339	1	852	0.0	1238
comp116621_c0_seq1	sp|P42577|FRIS_LYMST	70.18	171	51	0	736	224	1	171	3e-86	261
comp116623_c0_seq1	sp|Q90Z10|RL13_DANRE	69.08	207	64	0	51	671	1	207	7e-91	274
comp116626_c0_seq1	sp|P61314|RL15_RAT	78.92	204	43	0	1546	935	1	204	3e-96	298
comp116630_c0_seq1	sp|A3RLT6|RSSA_PINFU	78.62	290	48	4	1362	505	1	280	5e-143	419
comp116632_c1_seq1	sp|P12700|COX1_PARLI	57.88	501	211	0	218	1720	9	509	3e-159	473
comp116635_c0_seq1	sp|Q25117|ATPB_HEMPU	78.93	522	109	1	1854	289	1	521	0.0	795
comp116636_c0_seq1	sp|Q9UUY8|NDK_NEUCR	66.00	150	51	0	783	334	3	152	1e-72	227
comp116638_c0_seq1	sp|Q6P823|H33_XENTR	100.00	136	0	0	1078	671	1	136	3e-89	273
comp116681_c0_seq1	sp|Q9UBS9|SUCO_HUMAN	43.39	242	117	7	719	51	215	455	3e-52	189
comp116682_c1_seq2	sp|P0CY46|EGFR_APIME	75.26	194	47	1	2	580	835	1028	1e-97	315
comp116727_c0_seq1	sp|O02654|ENO_DORPE	80.41	434	83	1	1813	512	1	432	0.0	696
comp116729_c0_seq1	sp|B1H1P9|PPAL_XENLA	44.41	340	177	7	1048	44	11	343	9e-92	288
comp116740_c0_seq3	sp|Q9H8X2|IPPK_HUMAN	33.49	430	233	14	1234	5	13	409	5e-58	203
comp116764_c0_seq1	sp|Q9D5T0|ATAD1_MOUSE	64.84	256	90	0	788	21	30	285	2e-117	348
comp116764_c0_seq2	sp|Q505J9|ATAD1_RAT	57.69	338	136	2	1404	394	30	361	4e-130	389
comp116818_c0_seq2	sp|Q5R9C7|SC11A_PONAB	87.71	179	22	0	62	598	1	179	1e-103	308
comp116828_c0_seq1	sp|Q8TF32|ZN431_HUMAN	43.21	243	122	4	108	797	227	466	1e-55	193
comp116828_c0_seq2	sp|Q8TF32|ZN431_HUMAN	43.21	243	122	4	57	746	227	466	1e-55	193
comp116842_c1_seq1	sp|Q5U4S8|CEGTB_XENLA	46.30	257	138	0	779	9	101	357	2e-85	266
comp116890_c1_seq1	sp|P43378|PTN9_HUMAN	53.69	203	94	0	36	644	12	214	1e-65	219
comp116901_c1_seq1	sp|Q99698|LYST_HUMAN	70.49	183	54	0	550	2	3211	3393	2e-71	242
comp116918_c0_seq1	sp|Q3URV1|BROMI_MOUSE	45.02	462	247	5	1375	2	805	1263	4e-124	397
comp116946_c0_seq1	sp|Q8VDL4|ADPGK_MOUSE	33.72	427	266	11	1553	294	74	490	2e-54	197
comp116977_c0_seq1	sp|Q9H3F6|BACD3_HUMAN	66.67	219	69	3	1	654	67	282	6e-100	303
